action1,1.0,0.7066887458078958,0.8136815083288087,-0.7994108773089583,-0.02539183580595127,-0.9141060890142458
action2,0.7066887458078958,0.9999999999999999,0.7231015260621871,-0.8451542547285165,-0.518999296107682,-0.8433738561749831
action3,0.8136815083288087,0.7231015260621871,0.9999999999999998,-0.8479461097510954,-0.37998029782867415,-0.802180628749423
romantic1,-0.7994108773089583,-0.8451542547285165,-0.8479461097510954,0.9999999999999999,0.14803913136594804,0.7237468644557458
romantic2,-0.02539183580595127,-0.518999296107682,-0.37998029782867415,0.14803913136594804,1.0,0.393939393939394
romantic3,-0.9141060890142458,-0.8433738561749831,-0.802180628749423,0.7237468644557458,0.393939393939394,0.9999999999999998
